1266830
1265315
1265530
1264858
1267409
1267449
1267335
1267259
1265774
1266728
1265333
1265425
1267337
1266005
1264556
1265438
1266109
1265826
1265016
1267130
1267327
1266508
1265583
1264822
1264767
1267588
1265430
1267054
1267521
1266209
1264712
1266545
1267006
1265332
1265816
1264618
1264803
1265231
1265894
1264938
1266757
1264785
1265575
1267279
1266116
1265300
1265792
1267630
1266636
1264471
1267458
1264952
1264641
1265362
1266587
1264944
1265690
1265642
1265078
1267601
1266352
1264864
1265765
1265172
1265394
1267625
1264465
1265621
1265834
1266280
1266854
1264581
1266908
1266016
1267005
1267364
1264445
1267215
1264573
1264565
1266984
1265650
1265799
1265145
1265067
1266907
1266762
1265658
1267552
1264477
1264679
1264516
1267180
1267381
1266496
1266499
1267358
1266954
1264622
1264576
1265497
1266101
1264435
1265644
1267428
1267126
1266751
1264738
1265396
1265814
1267013
1266510
1266673
1266085
1266623
1266018
1265784
1267021
1264423
1267014
1266523
1267359
1265449
1267461
1265504
1265008
1265715
1267178
1264662
1265143
1266569
1267638
1266624
1264714
1266973
1265857
1266322
1267174
1266627
1266233
1267190
1264973
1264715
1266640
1266613
1267081
1266727
1267555
1266257
1264737
1267328
1266654
1265651
1266306
1267330
1266872
1267501
1265011
1264912
1267292
1267407
1267171
1266189
1264648
1267437
1265355
1265924
1267463
1264670
1265955
1267486
1265135
1265828
1265819
1266857
1266915
1266763
1267312
1266205
1267460
1266062
1264742
1266786
1264701
1267315
1266869
1265874
1264711
1267518
1265855
1267618
1264671
1264528
1264727
1265232
1265580
1265398
1265521
1266911
1266404
1266968
1265760
1266997
1265945
1266079
1264754
1267395
1266360
1267195
1266083
1265165
1266323
1267118
1264725
1267052
1264602
1266004
1266172
1267165
1266583
1267575
1265746
1265170
1264390
1266369
1265662
1265586
1264746
1265527
1266743
1266951
1267080
1267455
1264601
1265661
1264676
1266573
1266093
1266852
1265872
1265131
1266502
1267092
1267085
1267372
1265985
1265498
1264915
1267274
1266683
1264954
1264981
1265556
1265706
1266262
1267310
1265844
1266433
1265092
1264955
1267467
1265529
1265331
1264507
1265456
1264766
1264732
1264399
1264999
1267009
1264570
1267055
1267597
1265486
1264629
1265778
1266451
1264960
1267509
1265465
1266746
1267538
1265862
1267532
1266516
1266643
1265154
1267426
1266766
1267369
1265751
1266745
1265725
1265859
1265404
1266687
1265558
1264859
1265114
1265030
1264405
1265424
1266485
1266487
1266470
1265770
1265254
1264839
1265241
1266353
1265060
1265705
1267587
1266190
1265325
1267228
1265276
1265709
1267543
1264721
1264509
1266804
1265491
1264526
1264433
1266674
1266939
1265156
1265683
1267167
1265229
1265483
1264986
1265915
1265686
1265578
1264830
1265186
1266832
1265400
1265029
1265070
1265373
1265581
1264835
1267135
1264958
1265252
1266974
1266859
1265735
1267044
1266920
1265827
1266723
1266955
1265174
1266696
1264583
1264555
1267176
1265212
1266686
1264991
1265886
1266936
1266560
1265551
1267528
1265026
1265171
1264440
1265377
1267537
1265875
1266799
1266937
1265237
1266785
1266807
1267378
1265281
1264907
1264696
1266261
1264891
1266144
1267051
1266164
1266591
1265682
1266108
1265850
1264398
1266959
1267283
1266709
1265446
1267158
1265641
1264816
1264922
1264572
1266632
1266520
1266787
1267151
1266774
1265565
1266863
1267572
1264761
1266488
1266965
1267338
1266141
1265935
1266780
1264414
1264831
1266235
1264821
1265012
1265337
1267416
1265015
1266729
1266186
1265928
1267617
1265310
1267027
1267396
1265782
1264913
1265093
1265897
1265537
1266022
1266820
1266401
1267413
1266565
1267250
1265127
1265155
1265869
1265198
1265752
1267435
1264739
1266982
1264811
1267566
1265738
1267082
1266119
1267117
1266061
1266430
1266370
1265173
1266244
1267286
1267392
1266931
1264898
1265911
1266090
1265101
1264589
1266860
1267204
1264386
1265482
1267147
1266628
1266397
1265892
1267265
1265147
1265391
1266065
1264899
1264750
1266538
1265620
1267240
1265905
1265807
1264905
1264504
1267380
1267004
1265477
1266651
1264436
1265164
1265323
1266707
1264396
1264593
1264545
1265090
1266498
1266124
1264452
1265062
1265322
1266821
1266126
1265723
1266712
1266041
1267144
1265630
1266930
1267485
1264614
1267173
1266652
1266511
1265033
1266483
1267344
1267457
1265896
1265330
1265100
1267477
1266438
1267132
1267123
1264997
1266584
1265485
1266878
1267480
1266104
1264512
1265940
1267108
1265568
1266792
1265359
1264957
1264412
1265764
1267186
1265066
1265347
1265136
1264806
1266003
1264536
1266243
1266407
1264425
1265349
1265306
1267278
1265458
1265757
1266188
1267620
1267636
1266222
1264501
1264919
1266371
1267465
1266301
1267508
1266515
1264823
1265845
1266420
1266270
1266139
1264481
1266336
1265277
1267270
1265748
1267329
1264728
1264483
1264479
1264539
1266130
1267431
1267436
1265471
1266867
1265592
1265744
1265320
1266317
1266263
1266815
1266117
1265247
1264631
1265973
1265898
1264805
1265573
1266897
1266541
1265949
1265480
1267545
1266990
1265646
1266182
1265534
1266032
1265289
1266921
1266906
1267513
1266319
1265469
1265758
1266577
1264764
1264809
1266115
1265468
1264799
1265399
1265611
1267105
1264643
1266492
1265562
1264950
1265150
1267534
1266310
1267332
1265541
1265142
1264500
1267646
1266754
1265802
1266098
1264644
1267629
1265505
1265569
1266295
1265977
1264439
1265178
1267238
1264453
1267608
1267120
1265554
1265007
1264881
1265088
1265820
1266658
1265776
1265597
1266748
1266705
1265680
1266841
1264458
1265072
1265629
1266971
1265745
1265442
1267599
1264773
1264523
1265785
1267473
1267241
1264908
1264688
1264505
1266410
1265514
1265858
1267266
1265318
1265616
1264407
1265860
1265118
1264948
1267156
1267482
1265545
1267247
1264825
1264743
1265010
1266864
1264768
1264432
1267304
1265041
1265687
1267150
1266816
1265481
1264843
1267039
1267211
1267139
1264666
1264763
1267474
1264836
1265992
1265414
1265181
1267368
1266165
1267502
1265700
1264752
1264909
1265679
1266849
1266793
1265401
1265476
1267342
1264596
1267350
1266505
1266466
1267102
1266981
1266715
1265502
1264940
1265941
1266168
1265921
1264457
1266413
1266183
1265963
1265728
1266833
1266996
1267098
1267623
1266335
1265825
1265219
1267424
1265749
1266107
1267298
1264441
1264845
1266198
1266619
1267382
1265202
1266163
1265224
1266882
1266635
1266606
1266129
1266100
1264567
1265727
1267448
1265422
1265516
1264395
1264547
1264788
1265467
1266500
1264850
1267280
1265228
1266880
1266736
1266622
1267400
1266525
1264925
1267096
1264387
1266461
1266530
1265479
1266279
1265988
1264389
1265759
1266097
1267530
1266221
1264651
1264759
1265285
1264735
1267574
1266132
1267221
1267042
1264717
1266441
1264787
1265503
1265291
1267393
1266471
1266472
1266427
1267317
1265788
1265942
1266316
1264623
1267114
1265159
1267476
1264961
1266300
1264726
1267430
1267374
1267181
1266039
1266462
1265221
1267099
1265920
1265835
1266363
1265756
1267189
1267490
1267030
1265936
1267579
1264639
1267445
1264665
1265786
1267568
1264678
1266000
1267444
1265730
1265495
1266341
1267205
1264886
1266349
1267187
1264538
1267325
1267282
1267112
1267464
1266332
1264840
1265084
1266486
1267333
1264784
1265340
1265275
1264880
1266445
1265966
1265321
1264815
1264579
1266989
1267417
1265543
1266045
1266716
1267107
1264709
1265524
1265484
1266967
1264564
1264939
1267363
1266883
1265887
1266672
1264855
1267031
1264486
1265194
1267306
1265873
1264929
1266160
1264661
1265102
1266030
1267462
1266992
1265600
1265653
1267542
1266149
1265134
1266078
1266242
1266949
1266040
1266008
1265280
1266194
1265636
1265075
1267633
1266481
1266601
1265296
1265957
1264797
1265741
1265943
1264502
1264586
1266185
1265836
1267153
1264705
1267370
1266948
1265821
1265739
1265081
1267008
1266943
1266334
1267168
1267637
1265846
1264656
1265024
1266734
1266507
1266285
1267035
1266347
1264842
1265806
1267191
1265599
1265316
1265069
1265203
1266570
1264463
1264499
1264625
1267343
1264975
1265938
1266416
1267412
1266798
1264388
1267406
1265293
1267249
1265004
1265609
1266393
1267433
1267562
1266293
1265358
1264791
1266670
1265288
1265699
1265312
1265631
1267644
1266650
1266355
1265284
1267119
1266337
1267442
1266150
1266050
1267223
1264487
1265526
1265387
1266289
1265769
1265639
1264883
1264744
1265733
1265923
1266365
1265274
1265013
1266676
1265693
1264595
1266412
1264411
1265508
1266038
1265179
1265917
1266779
1267354
1265273
1266425
1265889
1265297
1266477
1267125
1265800
1267520
1266313
1265550
1264942
1265674
1266338
1267243
1264977
1267318
1265803
1265294
1264760
1265367
1266800
1264923
1266484
1267047
1267607
1266960
1264865
1266544
1265044
1266856
1267514
1265839
1264635
1266866
1266998
1265993
1265604
1264385
1265984
1265588
1264466
1265883
1266226
1265711
1265268
1266617
1264461
1267263
1265605
1267621
1266220
1266434
1266991
1265211
1266386
1266576
1266383
1267320
1265324
1266298
1266894
1266366
1265670
1265716
1265624
1266071
1264459
1266813
1267549
1264789
1266845
1265694
1266586
1265104
1264801
1266468
1267276
1265352
1265157
1266642
1264860
1267619
1267622
1267020
1265440
1266765
1265542
1265023
1265187
1266007
1266698
1267207
1266773
1266348
1266166
1267064
1266646
1265893
1267592
1265046
1266870
1266409
1266721
1267580
1265197
1267336
1265790
1265719
1265909
1266946
1264472
1266135
1264965
1265453
1266103
1267593
1267116
1265946
1266782
1265433
1267040
1265566
1265643
1266125
1266200
1265258
1266411
1267533
1264599
1265290
1265153
1267111
1265348
1266546
1267124
1266694
1264819
1266603
1265038
1265771
1266294
1265451
1264553
1266801
1265286
1267561
1267245
1266940
1264482
1266950
1265025
1267012
1266179
1265256
1265063
1267273
1264945
1266595
1265533
1264561
1264812
1267091
1265847
1267499
1265584
1264510
1266879
1265392
1267468
1265965
1266354
1267140
1264560
1266292
1265777
1265418
1266927
1266671
1266350
1265607
1265372
1267540
1267097
1264551
1267349
1266895
1266387
1265979
1265767
1265888
1266847
1267216
1267262
1265250
1264782
1266191
1264470
1265721
1265927
1264517
1266760
1265789
1266926
1267192
1267053
1266193
1264668
1264673
1265853
1265610
1264443
1265648
1267301
1265478
1265510
1266563
1264621
1265974
1265462
1264697
1266399
1264892
1266091
1267210
1265014
1267526
1266700
1266537
1267567
1264431
1264630
1264985
1265576
1267046
1264638
1266315
1264982
1266704
1265047
1266796
1266202
1266953
1265242
1266274
1265055
1264910
1267578
1265808
1265823
1266493
1264853
1267149
1266527
1266539
1265035
1267362
1264612
1264996
1265962
1264521
1265660
1264934
1266621
1265138
1266612
1264393
1265796
1266429
1264611
1266309
1265222
1264429
1264420
1265169
1265189
1264584
1265884
1264404
1266455
1264837
1265972
1266291
1266781
1265606
1267563
1265929
1264468
1266958
1267351
1264585
1266924
1266823
1264647
1266693
1264574
1265698
1265520
1266738
1265119
1266351
1265552
1267491
1265048
1264716
1264719
1267160
1266928
1265019
1265971
1267023
1265080
1265596
1265053
1266013
1265263
1267353
1267453
1264626
1265447
1264667
1266137
1267236
1266662
1267220
1266426
1265341
1267429
1266550
1267600
1265158
1265001
1267071
1265115
1264700
1267269
1264931
1265567
1267388
1265380
1265245
1266641
1264694
1264444
1267000
1265097
1267596
1264418
1265856
1266362
1264637
1266575
1267383
1265087
1265797
1264863
1264916
1267497
1265918
1266892
1266944
1264704
1266913
1267222
1265840
1266297
1265717
1265876
1267405
1265934
1266213
1265319
1267446
1265020
1264699
1265617
1264758
1264894
1264917
1264795
1265083
1265329
1267418
1267070
1264968
1265223
1265428
1265824
1266942
1265780
1265995
1265021
1265128
1266156
1265614
1266388
1264879
1266057
1266473
1266153
1265623
1267293
1266818
1265704
1267357
1266876
1264731
1267290
1267308
1266947
1265208
1266266
1265978
1265382
1266312
1267300
1264689
1265000
1265369
1266983
1265612
1267212
1266776
1267206
1267257
1265408
1264798
1265133
1265866
1266275
1265311
1265714
1266296
1266848
1267001
1267252
1264927
1266710
1265613
1264419
1266747
1266490
1266887
1266267
1265854
1264804
1266957
1266567
1266082
1266452
1264685
1266963
1264480
1264844
1265176
1265443
1265307
1267072
1266783
1266105
1266518
1265951
1264992
1267451
1266812
1266121
1267553
1265182
1265852
1267402
1265185
1267558
1265983
1265841
1267284
1266713
1265116
1267154
1264546
1266174
1267466
1264856
1266384
1264409
1265960
1267201
1266253
1267535
1267487
1265832
1266618
1265209
1267068
1266645
1266258
1266708
1266114
1267100
1266208
1266901
1266447
1265086
1264872
1267066
1264421
1267628
1265439
1265343
1267481
1265902
1267090
1266207
1266979
1264793
1264869
1265657
1264519
1265619
1265460
1267048
1265346
1267169
1266494
1264681
1265987
1266428
1266064
1267226
1265129
1266464
1264775
1264401
1266054
1265539
1265548
1264456
1267454
1264936
1265356
1264959
1264424
1264657
1264542
1266608
1267386
1266405
1267184
1267360
1264514
1266534
1264817
1265833
1265188
1266873
1264559
1266439
1264588
1266010
1266230
1267635
1264442
1266881
1265106
1264624
1267324
1267595
1264467
1266961
1267469
1267295
1266681
1265743
1266327
1266753
1265148
1266372
1267546
1266180
1266828
1264778
1267504
1267615
1265880
1264682
1264710
1266049
1266558
1264796
1264652
1264580
1264518
1266333
1265124
1266543
1267083
1264878
1264753
1265585
1265243
1265336
1266052
1264642
1267564
1264692
1266077
1265947
1265002
1266767
1265059
1265564
1267524
1267471
1266128
1264474
1265574
1265326
1265724
1265003
1264834
1266330
1265863
1266656
1265302
1264776
1265098
1267512
1264989
1265113
1266099
1264946
1265546
1266068
1266314
1266140
1266557
1265910
1266136
1267408
1266325
1265435
1265434
1266228
1266080
1266509
1264943
1266726
1265982
1267577
1265865
1267484
1266432
1267136
1267421
1265986
1266070
1266110
1265572
1267385
1265688
1267289
1266772
1265317
1266011
1266692
1266250
1266478
1265645
1267302
1265729
1266750
1265877
1266611
1265781
1266446
1265577
1264876
1265301
1266977
1265335
1267106
1267145
1266896
1267589
1264554
1266819
1265712
1264394
1265997
1265126
1265309
1264558
1265838
1264723
1267565
1265734
1266562
1267439
1265461
1267255
1266585
1266962
1266206
1266784
1267642
1267166
1266688
1264774
1266941
1264888
1265842
1267214
1266403
1266679
1266778
1267489
1264741
1264951
1265668
1265005
1264781
1264854
1264384
1264392
1265487
1264617
1264921
1265207
1266395
1264571
1267230
1267188
1266653
1266106
1264655
1266324
1264874
1264838
1267185
1265557
1267155
1264594
1265184
1265227
1265073
1265601
1267088
1265959
1266367
1267288
1265475
1265455
1266663
1264592
1264848
1267113
1266406
1266759
1267384
1267447
1267411
1265279
1266283
1266219
1266675
1265676
1264783
1266381
1266058
1265692
1266884
1266067
1265292
1267632
1266278
1265747
1266975
1265926
1264813
1267472
1265266
1264653
1267643
1264820
1266251
1265214
1264508
1265417
1264971
1267441
1266436
1267590
1264534
1265626
1266775
1265561
1266699
1265162
1265931
1266711
1265851
1266056
1266551
1266655
1266834
1266571
1265666
1265423
1266161
1266273
1264920
1264790
1266893
1267438
1264422
1265999
1266440
1266287
1265496
1265579
1266999
1267356
1266814
1267163
1264462
1267511
1267576
1267510
1264794
1267239
1266147
1264455
1264826
1265968
1266497
1264447
1266629
1267612
1265262
1264686
1266015
1266364
1267033
1265201
1266400
1264893
1265696
1265238
1266976
1267606
1267375
1267131
1265410
1265531
1266739
1264983
1264607
1267036
1266817
1265563
1265050
1267049
1265837
1264963
1265916
1267616
1265210
1265445
1266533
1267602
1265804
1267060
1266616
1264730
1267570
1264866
1266340
1267581
1264524
1267141
1266842
1265740
1266448
1264933
1266290
1265163
1265061
1265161
1264740
1267022
1266644
1264862
1266031
1264613
1267423
1266749
1265891
1267287
1265559
1266006
1266822
1266074
1266714
1267321
1265720
1264634
1264918
1264527
1266919
1264722
1265261
1265511
1266223
1265450
1267202
1265466
1264598
1266255
1265196
1266609
1264557
1266956
1266088
1266155
1267233
1264702
1265536
1265140
1265354
1266305
1265389
1265371
1264755
1265437
1266703
1265795
1267159
1266631
1266862
1265123
1266540
1265549
1267285
1265669
1264620
1267133
1265775
1266437
1265969
1266501
1265731
1266138
1265216
1266176
1267122
1265363
1265967
1266722
1266197
1265523
1266590
1266463
1265339
1267529
1267459
1266460
1265522
1266797
1265849
1264885
1265848
1266318
1265036
1266378
1265388
1264660
1264541
1264615
1267586
1266234
1265726
1266559
1266904
1265421
1264674
1265079
1266329
1264734
1265625
1265251
1265810
1265166
1266375
1264645
1266304
1267067
1266970
1267488
1264802
1266159
1265137
1266385
1264437
1265308
1265190
1265633
1264577
1267129
1265295
1267394
1265885
1266034
1266717
1266359
1267024
1265908
1266424
1265313
1265459
1266506
1266157
1266442
1267548
1266835
1266512
1265259
1265499
1264988
1265944
1265718
1265249
1266450
1266912
1266923
1265027
1264484
1266528
1264833
1265582
1266964
1265411
1266637
1265864
1265366
1267483
1265049
1264600
1265415
1267018
1264654
1265861
1267109
1267573
1265638
1265385
1267639
1266086
1266214
1266374
1265463
1267583
1266917
1265684
1265635
1266737
1265655
1264779
1264807
1264506
1264684
1266346
1265018
1267115
1267539
1264900
1266418
1266248
1264882
1264724
1266028
1265282
1266417
1265755
1266790
1265151
1267366
1266733
1266789
1264984
1266695
1266238
1266732
1266154
1265753
1267128
1265954
1265054
1264687
1264877
1264485
1266195
1267571
1266237
1265787
1265105
1266630
1265393
1266170
1265110
1267361
1264829
1266517
1267183
1266610
1266648
1264935
1266162
1266284
1266594
1267594
1267554
1266664
1266649
1264540
1267390
1265432
1264569
1264693
1267515
1267614
1264751
1267248
1264976
1266877
1264552
1266548
1264914
1266469
1267007
1267500
1265953
1267522
1265678
1267209
1267162
1265034
1267003
1266597
1264473
1265701
1264956
1265980
1266910
1266810
1267452
1266111
1265812
1267075
1265513
1265248
1265130
1266173
1266454
1264448
1267268
1264640
1266513
1266087
1265357
1267219
1267041
1266357
1264446
1265089
1265303
1266604
1264664
1264590
1265386
1266019
1264417
1267404
1266980
1266851
1265998
1267604
1267365
1265045
1266271
1266839
1264733
1267235
1267164
1266096
1267103
1267258
1265627
1266855
1264449
1265922
1264890
1267095
1267376
1267598
1267326
1264703
1265099
1265305
1265278
1264530
1266803
1267505
1264604
1266131
1266343
1266706
1266326
1266178
1266677
1266491
1265640
1266761
1265895
1267299
1266184
1267065
1266328
1266236
1265215
1265444
1265637
1267525
1267087
1265710
1265593
1265843
1265226
1266282
1266123
1265364
1267536
1265168
1267094
1266277
1264677
1265146
1267427
1264904
1265830
1267043
1266898
1265736
1266094
1267609
1267420
1265031
1265412
1266033
1264978
1265933
1267077
1265267
1266134
1264814
1266449
1266376
1264531
1266666
1267011
1266379
1267322
1265750
1266536
1266838
1267403
1264749
1264852
1266217
1266933
1266554
1265006
1266588
1265689
1265914
1267089
1267291
1265064
1266102
1265507
1265402
1265096
1264870
1265043
1266308
1265056
1265350
1265589
1267531
1265144
1265271
1266268
1264827
1267121
1266987
1266556
1266158
1267016
1266593
1265768
1266201
1265042
1266225
1266758
1265598
1265298
1266740
1264849
1265919
1267401
1266579
1265783
1265488
1265996
1266199
1266620
1264669
1267591
1266072
1265798
1264846
1264450
1267347
1264871
1266504
1266752
1266239
1265239
1267256
1267311
1266890
1265772
1264995
1266809
1265441
1264416
1267084
1265107
1267626
1265685
1266457
1267519
1265882
1266175
1267246
1266256
1264818
1266805
1266215
1265608
1265628
1265773
1267367
1266741
1264680
1267170
1266572
1266742
1265494
1264777
1265913
1267025
1265695
1266414
1266735
1265039
1265111
1266972
1267157
1265659
1266204
1265068
1264926
1267341
1267339
1266680
1266148
1266423
1266252
1266288
1266843
1264990
1264413
1266891
1266023
1266203
1265791
1267225
1266850
1266889
1266035
1265890
1267443
1265525
1266718
1266524
1265426
1265801
1267062
1266614
1267398
1265937
1265213
1267470
1264930
1265139
1265932
1267399
1267425
1266259
1265384
1267634
1266465
1267208
1265058
1266661
1265571
1266281
1267179
1266389
1264851
1265906
1266060
1265395
1265948
1265663
1266112
1266342
1265375
1265950
1266084
1266012
1265829
1266768
1267104
1266001
1266885
1265501
1266118
1265403
1265595
1266027
1265961
1267198
1265022
1265328
1266826
1264563
1266122
1265076
1266858
1267224
1265413
1264529
1267560
1266669
1265737
1265071
1266535
1265314
1266886
1266574
1266771
1264513
1265930
1265535
1266042
1267069
1265994
1266978
1266938
1265374
1266321
1266795
1265925
1267422
1267234
1264847
1266187
1265702
1264800
1267242
1267647
1264969
1266831
1266725
1267585
1265230
1267127
1267177
1266731
1264476
1265361
1264706
1265871
1264515
1265707
1264747
1266659
1264438
1265900
1265989
1264478
1265353
1266456
1267516
1266380
1267232
1264967
1265722
1267450
1266905
1267551
1267605
1266875
1264828
1266531
1264533
1267559
1266377
1266932
1266701
1265269
1265253
1266542
1266589
1266241
1265338
1264691
1267038
1264808
1265779
1265217
1264427
1265152
1264391
1267017
1266985
1267143
1267002
1264873
1265912
1264549
1267603
1265040
1265141
1265517
1264649
1264937
1267498
1265244
1265762
1266549
1265037
1266043
1264962
1264875
1265667
1266303
1266249
1267175
1267146
1265703
1266133
1265077
1266791
1264756
1265470
1266218
1267161
1267172
1264616
1266682
1265544
1266076
1264609
1265761
1266846
1266014
1266212
1265406
1265519
1266756
1266730
1266519
1265082
1265512
1267419
1265493
1265492
1266861
1266391
1266581
1265665
1264610
1267611
1265365
1267323
1265175
1266678
1265028
1267371
1266480
1264522
1264627
1267037
1266025
1267073
1267645
1267028
1266605
1265409
1264902
1264562
1264941
1264511
1266320
1266145
1265132
1266063
1266421
1264636
1265867
1266475
1264503
1264408
1264520
1266422
1267307
1266053
1266489
1266916
1264632
1266055
1265681
1266394
1266788
1265649
1264406
1267334
1267267
1265200
1264857
1267584
1267203
1265109
1266811
1267056
1266211
1266988
1264867
1267493
1267389
1266009
1267414
1266476
1264578
1265379
1265235
1266358
1265327
1265632
1266419
1264841
1267034
1265528
1265939
1267078
1266345
1264454
1264698
1264964
1266685
1265956
1265587
1264683
1266113
1264397
1267045
1264464
1267231
1265964
1267217
1265793
1266443
1265532
1266522
1267218
1264544
1265490
1264772
1264729
1266647
1267440
1264748
1264650
1266986
1267456
1264430
1266453
1266929
1265193
1267434
1264832
1265431
1267296
1266596
1265976
1264979
1266398
1265809
1264994
1266634
1265108
1265732
1267182
1266922
1267479
1266482
1265805
1265283
1266392
1267582
1265673
1266479
1267079
1264695
1264889
1266633
1265051
1266945
1264895
1265457
1265149
1264535
1264400
1265671
1266002
1265390
1264451
1266777
1264861
1266167
1267494
1266344
1264628
1265831
1267410
1265618
1266142
1265970
1266625
1267264
1266240
1264736
1265368
1266066
1265376
1267319
1264543
1266599
1265246
1266276
1264998
1267260
1265206
1264475
1266966
1264901
1266444
1265754
1266146
1266868
1265009
1265560
1266639
1264810
1264633
1266264
1265742
1265899
1266171
1266660
1265472
1265299
1265540
1266373
1266902
1265590
1267061
1265405
1264949
1264428
1267346
1266169
1264906
1265615
1264947
1267261
1265360
1267277
1266844
1267058
1264537
1265878
1264966
1265057
1265691
1265167
1265677
1265991
1267432
1265813
1267503
1266529
1267237
1266402
1266227
1267496
1266177
1266181
1265419
1265407
1266871
1266152
1267313
1264897
1266254
1267197
1264659
1266089
1265204
1265342
1266969
1267101
1265074
1266607
1265652
1265272
1267057
1266684
1264675
1264884
1264932
1265205
1264587
1264426
1264924
1266744
1266415
1265622
1264597
1266036
1265990
1265085
1264911
1266382
1266935
1265870
1265794
1267148
1265713
1265811
1265822
1266361
1265265
1266127
1264708
1267199
1267059
1267391
1266724
1265634
1267506
1267032
1267015
1267254
1266719
1266272
1267086
1265547
1266069
1266900
1266806
1266764
1267137
1264757
1267387
1265255
1265436
1266151
1267251
1266909
1265664
1265570
1264868
1267010
1266092
1264771
1266578
1264762
1264403
1265474
1266561
1267541
1267377
1266231
1266095
1264769
1266566
1266697
1267193
1264619
1267026
1265345
1266825
1267076
1265397
1267610
1264568
1265515
1267547
1264972
1264745
1267355
1267613
1264786
1266657
1265420
1267527
1266331
1264707
1267272
1267640
1265464
1267316
1264575
1265879
1264792
1266302
1265958
1267348
1267641
1265881
1265901
1266702
1265868
1264582
1264605
1267297
1266824
1264970
1264953
1265473
1265180
1267345
1267244
1265452
1267271
1265334
1266665
1266689
1265708
1265121
1265177
1266526
1266075
1267229
1266521
1265065
1265225
1266808
1266286
1265236
1265427
1266143
1265697
1264887
1265454
1264532
1266356
1264460
1264410
1267492
1265815
1266600
1265518
1267152
1266024
1265903
1265270
1267379
1266691
1266390
1266246
1267475
1266037
1267373
1266408
1265052
1266769
1267415
1266865
1265416
1265183
1265975
1267194
1266120
1264469
1265287
1265383
1264608
1266307
1265304
1266020
1267569
1266903
1266553
1266044
1266229
1264928
1265103
1264603
1265095
1264993
1264663
1266615
1265602
1267557
1265656
1264987
1265904
1267352
1267093
1266081
1265981
1266245
1266836
1266592
1265233
1266899
1265672
1265195
1265112
1266299
1266017
1265952
1266021
1264690
1265654
1265260
1267397
1266840
1266339
1267142
1264672
1266668
1266555
1266196
1265017
1266514
1266216
1264402
1265160
1265675
1266720
1267544
1266853
1266059
1265220
1264718
1265591
1267303
1265094
1267074
1267281
1264434
1266667
1266265
1266802
1267138
1264658
1267200
1265199
1266874
1266247
1267331
1265603
1267063
1266598
1267624
1266232
1266269
1266210
1267019
1266827
1266925
1265818
1266396
1266224
1265032
1265506
1266794
1265766
1266934
1267495
1264525
1266626
1266888
1266458
1265122
1264713
1265538
1266690
1265448
1266755
1267627
1264770
1264824
1266552
1266503
1266995
1266994
1266914
1266459
1266532
1265344
1265120
1265218
1265553
1266582
1265381
1265117
1265264
1265429
1267556
1265091
1267517
1265907
1265763
1264566
1267134
1266260
1267507
1267314
1264903
1265817
1264550
1265509
1266073
1266580
1264896
1267631
1267550
1265234
1267294
1267110
1266368
1264415
1267309
1266046
1265594
1265378
1266026
1265192
1265489
1265351
1266770
1266467
1264980
1266993
1266547
1266435
1267275
1266918
1266564
1267478
1267213
1266952
1267305
1267227
1266431
1266638
1265370
1264780
1267340
1264548
1264765
1267523
1266048
1267029
1265500
1265240
1266311
1266474
1266047
1264720
1265555
1267253
1264591
1266029
1265191
1267196
1264646
1265125
1264974
1264606
1266568
1266602
1266051
1265647
1265257
1266495
1264383
1266837
1267050
1266192
1266829